8.737802422412245562e+01
4.317787077446617872e+01
9.100625129312385653e+00
-1.250009234356178389e+01
-4.249277196678661994e+00
-9.037059847194922213e+01
-5.561345357886966667e+01
4.265965282636741307e+01
-5.073532130102674387e+01
2.877089771191473488e+01
-4.002127819521678731e+01
-3.805743434901391709e+01
-3.888148132411470925e+01
-1.676506362587942078e+01
7.604408071567338823e+01
5.100036468680261237e+01
2.935299029392847103e+01
-1.165323614532889351e+00
-6.837582530986671259e+01
1.750310980397926386e+01
2.808863888718966706e+01
-1.302649589122268026e+02
-4.202964128351022310e+01
5.009147265754148748e+01
-7.962570210144286875e+01
2.936745733968334093e+01
2.732010449366747196e+01
-1.864477044160244645e+01
1.445463229563297780e+01
-1.453750751976535227e+01
1.602204326871826368e+01
-4.263779570128194507e+01
-2.194306127450533239e+01
5.949403816499840048e+01
2.692912948091005632e+01
-2.378053405661808029e+01
6.514714132172267469e+00
-2.771384873360491952e+01
-6.019967776172165941e+01
1.132829127095743793e+01
7.843285848091030132e+00
-1.228738561773262461e+00
4.484000741150886427e+00
6.842027082510790947e+00
-7.589442416548763504e+01
2.186445937466942269e+01
-7.749796453910299476e+01
-1.257924891719406801e+01
4.859680941751724603e+00
1.188280384736374096e+01
-1.431079888807703604e+01
-2.042631225738433898e+01
2.334122486033488286e+01
1.050398555115857562e+02
-5.715424860518622552e+01
-7.832146730397752776e+01
9.357558859073476398e+00
-5.441187881605264209e+01
-1.012853417583558411e+02
-8.922114688433400431e+01
2.183275073852415460e+01
3.576327662344233715e+01
3.502783047896194546e+01
5.944559686478255855e+01
-1.098105341759555031e+01
5.146308025280812615e+01
5.996163919728829228e+01
-1.430296956678571441e+01
1.694717965703390661e+01
3.179280613109729359e+01
2.182324381157877013e+01
1.483290816918066390e+01
3.392847269624374107e+00
-4.614398168302665937e+01
-1.032681858826365584e+01
-1.472728084453827613e+01
8.976373524674541216e+01
-2.519641561900029814e+01
-4.201156346170930789e+01
-9.018385877259889583e+01
2.010312621368504438e+01
3.353360439081063049e+01
-4.851385269263241895e+01
3.488199146778217141e+01
-9.304387978746774479e+01
-9.564350060677189447e+01
-6.144473807637461960e+01
4.115215065206279377e+01
5.046527571185912819e+01
-3.477249834340445744e+01
-4.595931442960328894e+01
1.030514474971792538e+02
4.906235620637698958e+01
4.903012948457821096e+00
-6.713584926843176959e+01
3.340467706469181053e+01
-7.483318727610460996e+01
8.268635032705860866e+00
-3.731949683000717499e+01
-1.731962430689657495e+00
-2.488292371462967623e+01
-6.790869497974954072e+01
-1.910134733018399089e+00
-5.961738668392835905e+01
5.072484512190694517e+00
-8.414835888094721383e+01
3.358813156540170652e+00
-6.057438325655479616e+01
4.012781113416122736e+01
9.576231218804585055e+00
6.616045343445036053e+01
1.144021349854612346e+01
3.916996097001626254e+01
-8.050115757068273581e+01
9.127561437576767744e+00
-2.556349719673253418e+01
-6.734627299227364361e+00
-1.025242867634050583e+02
-1.225543117343536004e+01
1.748686646994882921e+01
4.863707440001618920e-01
1.586033443443905178e+01
-4.313384323258629394e+01
2.681460666329427056e+01
-1.205309708159848370e+01
-5.849485687260583688e+01
-3.505223453632747521e+01
-1.630652523350282124e+01
4.435124752627078948e+01
-1.681797715737725696e+01
2.426469624531954139e+00
-8.033931650663314272e+00
1.504743427700119973e+01
-2.357864369495184675e+01
-2.545299790876006796e+01
3.467738153213295504e+01
8.447938871070823197e+00
-3.731915804290626681e+01
5.679317382796494940e+01
-1.789980687217861544e+01
1.341368878990719438e+00
-7.954226828236465963e+01
-1.766669520757451295e+01
7.079663426693315387e+01
5.524977542885891069e+01
-4.289104252621436331e+01
-1.046501105732790506e+02
-5.407591403727590773e+01
-7.768170882603921967e-01
1.078288467957633223e+01
-6.763146959225767318e+01
1.143931168976948527e+02
-1.538917589234186245e+01
-1.269232034021964672e+01
3.387642227110560356e+01
-4.056235944716212316e+01
3.345331738857666437e+01
1.258114645013758270e+01
-5.619162845858461708e+01
-2.564917903209991579e+01
-3.026510497648384757e-01
-1.941126289466996724e+01
-2.784206575893541924e+01
4.125270932219140718e+01
1.391441536641142029e+01
-2.267702559662721740e+01
5.062028433409804506e+01
-8.694959751526727132e+01
-5.305047261136767389e+01
-4.494762590578287131e+01
7.091710871580265518e+01
2.441339884408866823e+01
1.927228835062738455e+00
2.562104178269137122e+01
-4.900403773355066761e+01
6.935592818091240019e+01
-5.599964118715013939e+01
2.720647590056277210e+01
-6.936931968670113413e+00
-4.769062908758021990e+01
-4.282977461041272704e+01
-1.635795128077352700e+01
1.017897550385542438e+01
-4.738273042020480119e+01
4.044418031997890495e+01
-8.691628079457482059e+00
-4.339270899688147409e+01
-7.083563562245441858e+01
-1.394603320213557751e+01
-2.673729611667987882e+01
-7.097951727042915593e+01
-6.639466774044653619e+01
2.618522467417787425e+01
-1.345116455464927796e+01
3.157723109142672513e+01
3.326350709625270952e+01
6.663721673339101415e+01
-5.520926879145235944e+01
-4.468300793199915688e+00
2.422892420132428981e+01
-2.878630524721905459e+01
-4.343752649819553113e+01
-7.127401571473344077e+00
3.273512861756332626e+01
-3.594772189545591345e+01
3.004812309960990291e+01
4.384758933059661956e+01
-1.635652346845882832e+01
-5.480502015064789845e+01
7.120283977476519865e+00
-2.159119074301304408e+01
-5.549068725531643054e+01
5.340044838242381786e+01
1.349882484388192871e+01
-1.921431362330269010e+00
9.085654259814107903e+00
7.617144528932126946e+01
2.701903825200242437e+01
-3.163001314001706277e+01
-5.272725370764797503e+01
-1.993284655979061171e+01
-4.378163275004869348e-01
-7.944447797974753200e+01
-5.566008501603898040e+00
7.148705006494045833e+00
-3.710735298153064576e+01
-5.138396590089113403e+01
-1.218154874400466170e+01
4.673800223960781608e+01
5.411877355086403441e+00
-6.413211813476813461e-01
3.806092183605402113e+01
1.807912486223613513e+01
-9.838520280474270407e+00
-2.365804819459926023e+01
-6.322051971476225418e+01
1.937356255831905827e+01
-1.273846947301671833e+02
-6.405674298407863887e+01
9.385401677342519733e+00
3.551580715282635481e+01
-1.548621594651793387e+00
-2.461411021133402599e+01
-7.782141688057959072e+01
3.062900410442888699e+01
-8.189021021921407240e+00
2.292090348225709562e+01
8.214373970738721553e+00
-4.036208629421670935e+01
2.535871871214101247e+01
1.602118454413843551e+01
1.667443194906918080e+01
-6.774722756300965543e+00
-1.725057502840756740e+01
-9.646410369298689602e+01
-2.091802233039476988e-01
2.161088179535121157e+01
-3.638217210658525858e+01
-5.063480492314756987e+01
4.667360741739631180e+01
-3.604548759325180818e+00
8.693766316411306150e+01
-2.384555139745543784e+01
-2.366680847943997890e+01
4.822009169976949039e+01
-9.943980464754689663e+00
-1.477848998049905482e+01
-5.173107068594858049e+01
4.093129533787330132e+01
-1.547296780389668847e+01
1.092071006908193986e+01
2.078484668318982642e+01
-5.804696717185066746e+01
3.352266871863897535e+01
-9.757756146089544558e-01
-9.598098924902762619e+00
-3.116649025934162864e+01
-4.500098789660395227e+01
1.750260325579275644e+01
1.031718623233339649e+01
-3.566458956174867012e+01
-7.285579337087497720e+01
3.585997277875740963e+01
-8.123350498963337429e+01
4.372877796037816012e+01
1.209174186512309923e+01
-3.875998754068563557e+01
4.209119523711667199e+00
7.714899707718215893e+01
-9.760003800814335051e+00
3.609926898417628394e+01
-6.666861617381404592e+00
4.463487868723403551e+01
5.605651826748453459e+01
-2.302871772837212205e+01
2.813946969251863095e+01
-4.613372969320133876e+01
2.760759111787569253e+01
-3.298264728001267798e+01
-3.626212540384878480e+01
-6.808491423249378727e+01
-5.024494688736104386e+00
2.962308873225261863e+01
2.224922083551671648e+00
-6.233191631368950425e+01
-4.643660265135632415e+01
-1.817513614605173444e+01
3.704998838567892250e-01
-3.218492811687232447e+00
-2.888554249397032692e+01
2.270080049794318455e+01
4.159700991715918406e+01
-4.479852474641052140e+01
-6.971595243883975890e+00
3.970009297516686075e+01
2.421956113598415783e-01
3.025879354387259923e+01
7.773450314866840571e+00
3.582204267257889541e+01
-1.398897821725468660e+01
-8.924413456257353161e+00
-1.600039764089558147e+01
2.022468386026634590e+01
-7.000187659856719335e+01
5.378966269244476450e+01
-1.546253291043667843e+01
2.687603845356676402e-01
-7.190236651603504470e+01
5.894337684972821023e+01
-6.395017186916077634e+01
-2.441960403648028333e+01
-9.602923655565102479e+01
-5.057523269888865691e+00
-6.633858319621180044e+01
-5.334136420401723200e+01
2.785739725665094824e+01
-2.023419982444343646e+01
-4.245763880058731843e+01
2.251709201077414946e+01
-1.329846622443963611e+01
-2.903978836326916024e+01
-1.154576931980757948e+00
4.422961650723464544e+01
-5.679915753170727299e+01
4.064276396003258185e+01
-8.263609662686951651e+01
9.893454058773860638e+00
-1.546884275879972748e+01
3.936782543881435714e+01
4.201143138942685340e+01
-4.237967470984983720e+01
-3.311282264749240056e+01
-1.393873527484053199e+01
-1.564105677094674185e+01
1.843584673398871843e+01
2.427595534835205626e+00
-7.626565060172347899e+01
-2.099578077488411054e+01
3.067184913709203897e+01
3.465874015169244160e+01
6.742547554803133281e+00
-3.345513320456235107e+01
-4.280533966487909936e+01
3.770373732389241894e+01
1.055492610915794849e+01
5.930371070585028548e+00
-8.317502499057739840e+01
-9.166921520620091712e+01
5.349171600080057232e+01
-1.502247546362914754e+01
3.080330191525641226e+01
1.777203782661423759e+01
-1.377996087331502295e+01
-9.663734485296593846e+01
-6.674448530500065146e+01
4.457667325750153964e+01
3.679875570336000123e+01
9.843071472071974526e+00
-2.202454983396703980e+01
5.965669370255155002e+01
3.671997346753369129e+01
-2.203515793998758454e+01
-5.782347083159896783e+01
-4.895451031133494268e+01
-9.354702479788107894e+01
6.919557690339661349e+01
-1.552617234807181745e+01
-9.098844278118279760e+01
1.115658042289165941e+01
-4.859388818796777088e+01
-8.309883363910988407e+01
-2.129076485652285911e+00
-1.681906880981011909e+01
3.088012254986718830e+01
5.051996995772988441e+01
4.312082207881575258e+00
-1.820706076966258991e+01
1.071601689055303552e+02
-4.857437105484476092e+01
1.896371717527140532e+01
-1.410974101166394945e+01
-4.089810364663754250e+00
-5.068197178956044979e+01
-1.018621797482158087e+01
-9.709257652926690696e+01
-3.044671735014500769e+01
-2.650927463354382496e+01
-4.789621563661320636e+01
-7.151701976091207769e+01
-2.663671119548807553e+01
-6.645073174722229226e+01
-4.078501098245298806e+01
4.336264723369213314e+00
-1.095956626051576848e+02
5.105092553316123372e+01
-6.011582281086342761e+01
-5.538662739593262074e+01
-7.516577873794751952e+01
1.620706756054627817e+01
-1.257783260496200128e+01
1.444411677116533177e+01
-7.829010922046343524e+00
-6.014867554684508377e+01
5.360083185659512850e+01
2.249007331964612888e+01
-5.267054326444451817e+01
-1.599910273737728517e+01
-9.257217430472056208e+01
1.059454217721407900e+02
-5.143038758264807342e+01
-2.188755821408673796e+01
-1.130486441050771589e+02
6.759122842298485523e+01
-6.126010866605965788e+01
3.936983068665940166e+00
-8.285643839491250162e+00
-3.255577661217730423e+01
-1.589573836634992432e+01
-1.237830431337878245e+01
2.473147197441824119e+01
-9.397364013809648142e+00
3.574684965403628212e+01
-1.053667227549878334e+02
-1.044802057483804170e+01
-3.977891602274828386e+01
-4.140464969000578321e+01
2.830492595452274429e+01
-5.943653938439847906e+01
4.376263513551131723e+01
4.669401935844850016e+01
-2.977472768185268848e+01
-6.408653053436512437e+01
4.004741696643349513e+01
9.162305654788120535e+01
-4.481544472460999629e+00
-3.117436478699762148e+00
4.389001621778891860e+01
-7.707286993755080573e+01
-1.551764162843099371e+01
-4.173085288269128057e+01
-1.344161526698812281e+01
3.337151754377494228e+01
-7.220434333313305331e+01
2.637274415184834453e+01
-1.573722504621549589e+01
-8.890927288384298777e+01
9.674166228660186562e+01
-4.224533294116690030e+01
-5.779141762207865796e+00
-5.692383154297851888e+01
-3.314260744313386198e+01
-8.127513703627245434e+01
-8.497182581465666829e+01
-7.274234496907754988e+01
-3.315827928771223299e+01
1.210375558252321504e+01
4.894840727639298450e+01
-1.825628239212714021e+01
6.541345885312891539e+01
-1.042729341260033635e+02
3.890824243340638589e+01
-1.398354619418756073e+01
-3.553338489527769539e+00
-9.491902380881838042e+01
-1.536638777405875445e+01
-1.959493374108707542e+01
-6.409037149118887555e+01
-1.723452752766346663e+01
3.744680200778984869e+01
-2.720936642375786363e+01
2.767938024377669137e+01
-2.597757795155425242e+01
-8.307192942943652270e+01
1.500834600988024370e+01
1.706596739275552466e+01
-4.469833265547166690e+01
3.131320958897903495e+01
-7.939813583030915822e+01
7.849112731689546152e+00
-4.346055803319428179e+01
-9.078137079902418805e+01
-1.463912347075074116e+01
-3.017424820957372589e+01
2.461036231648422046e+01
-5.541843268247601628e+01
-9.554496549326087518e+01
-2.777827301774210156e+01
3.092126546149629718e+01
-4.579581023721718935e+01
-1.784244190946956365e+01
-1.517605384135044133e+01
6.817727848921721900e+00
-2.695445436410640383e+00
2.826220841911371195e+01
4.733612987281121676e+00
-4.244696128547204239e+01
-2.337912514981960044e+01
-4.365876881314860469e+01
6.975309358833507645e+01
-5.208926328162073816e+01
1.613617545499872108e+01
1.682536053717090851e+01
-7.620253640379944216e+01
-2.940634910151142378e+01
-1.615567287043248257e+00
3.076492496808712218e+01
1.312602695040673417e+01
-3.347891115558770991e+01
5.336552811433345767e+01
-4.996293082917630812e+01
-2.222508992301882458e+01
-1.700847698862403234e+01
1.566358887707898795e+01
2.461802799694567767e+01
-8.475405522762568467e+01
6.823323787174916788e+01
-2.347470287415102064e+01
3.055225517098644872e+01
-2.388251094446336253e+01
5.749484338733439870e+01
4.049997943828403280e+00
-9.336622011619502004e+00
2.821080542597781715e+01
3.103470838273915433e+01
-7.792357881835223488e+00
-3.650105121448731893e+01
2.643292555200695659e+01
-6.078592109395207999e+00
-6.089689033129303652e+01
-4.615979828527816409e+01
-3.550424027581770758e+01
1.511354451047760072e+01
-1.308056287374705207e+01
-8.997386200182297955e+00
5.713950220548764491e+01
-5.773873251665840911e+01
4.049101142527749886e+00
-3.374792103317684422e+01
3.614478508082082442e+01
-1.190844066642513255e+01
6.167662552940451803e+01
1.886429771238332620e+01
-8.189256360123748024e+00
-7.304045821198917210e+00
-3.679345197475716844e+01
-1.884499499803105493e+01
-7.881441388844395135e+01
5.614195407812316319e+01
-3.760855514580801895e+01
-5.700862283038252087e+01
-9.148232820549425526e+01
-3.469845134875060211e+01
-4.652124160679356635e+00
-6.395768280481942014e+01
2.573939178456853227e+01
1.070091485874221071e+01
4.707906541455464833e+01
-6.897578298475383463e+01
-5.762581368955934380e+01
3.945197109062331009e+01
-2.561916600231957553e+00
-7.037441141551018120e+01
-1.034607444578956681e+01
6.412765708596461423e+01
-4.515019648497084148e+01
4.954994586791917044e+01
-6.129754871991242027e+01
4.073293642799496439e+01
-9.676694324281784887e+00
3.799209367098380596e+01
-5.291862784690290766e+01
-2.804393416362380975e+01
-1.796710651309269480e+01
3.070858173170466188e+01
7.256333443954815721e+01
3.679521239300163060e+00
6.439600624953037311e+00
-4.646638163351454409e+01
-1.973059222507487220e+01
2.271888538283801751e+01
-5.188154608431621995e+01
5.213391282781818603e+01
6.576931149063829807e+00
5.530222757082017893e+01
-6.964980945377810428e+01
-4.017023000297862012e+01
-2.605761933346412462e+01
2.166900734299472475e+01
-3.866025085069900946e+00
2.452334826801079970e+01
8.927676144050370510e+01
-4.925215111313331562e+01
-2.444777723909739109e+01
-1.477918330988787332e+01
3.473633553716670264e+01
-3.423333971077462934e+01
2.587404118925397256e+01
-1.950840125155331606e+01
-4.379543639776490238e+01
1.728163736521361926e+01
8.194519560925707324e+00
-3.276975994414529580e+00
-6.390349747752677700e+01
-2.318111791861572613e+01
-3.066645688404625503e+01
-2.624511912704777927e+01
1.148006648506138383e+01
-2.156625936905511765e+01
-3.424408226572468550e+01
-5.290055796320026360e+01
-5.821529941579373713e+01
-4.710225143672671422e+00
2.638762302056495912e+01
-4.024754171882482012e+01
-4.617383876831751444e+00
1.182103706634882734e+01
5.005868533642570384e+01
1.012770403435052771e+02
1.844771552343717502e+01
-3.177644078316394172e+01
-3.189138282307190764e+00
2.498157738120477234e+01
1.029908172919145137e+01
-1.753072711256093896e+01
-8.633001513761952239e+00
-3.684523045223223647e+01
-6.456206057619624517e-01
4.288980902946244456e+00
-4.313435255424635528e+01
-1.247565593011774610e-01
-6.109252350793122588e+01
8.944366508071884425e+01
1.838871281583204365e+01
2.280200821283217039e+01
-2.494801634504984378e+01
4.749428027694533228e+01
-2.379756286109704888e+01
4.433973478805431512e+01
7.940549444289944248e+00
-2.233684176157516177e+01
-5.264644803839262721e+01
-6.436072500123960083e+01
-1.776565781437134817e+01
3.663046475707100313e+01
4.569724503765590384e+01
3.765167586963462654e+00
2.971605074415332126e+01
-5.541672951883349896e+01
5.528245351758214099e+01
3.203729105640248065e+01
-1.706091180583445777e+01
1.326370507810978516e+01
-5.194264813161656669e+00
2.540791885916092951e+00
-6.294182266583584351e+01
-1.852151519162977422e+01
-8.421899996549459644e+00
-4.217795991526283927e+01
-7.390673392992759716e+01
-4.683595142214489471e-01
-1.221448833486655445e+02
-6.032885002775925898e+01
2.282254261286036012e+01
3.603318270797212364e+01
-4.292448619904045870e+01
4.348792999066599663e-01
-3.518277871773399568e+01
1.382920537908775493e+01
-2.637227200715535957e+01
-1.514235260500324998e+01
1.556868520517810417e+01
-6.854645027954653358e+01
-5.299363893126468383e+01
-2.508793813693074171e+01
6.993047382626606634e+01
-7.366649645438016591e+01
-4.507986076297314781e+01
-1.763850979003528963e+01
4.797009845499181324e+01
-3.448395076052332087e+01
-7.339357878459608742e+01
5.175274035235342751e+01
1.772639213109199119e+01
-5.215264051930032707e+01
1.089355357306021865e+01
-1.142760950018605826e+01
-2.841249305574793738e+01
-1.518554109596853152e+01
5.910444571843449069e+01
-3.386180781457965594e+01
1.047299221634070499e+01
-3.234700790225965505e+01
1.003704388996946903e+02
6.134796565582197658e+00
-4.810587488466725858e+01
-4.123589165068720774e+01
-4.938702890203961005e+01
3.120044841170159344e+01
-9.732919249893319247e+00
-2.180934757182395245e+01
-2.554289087280290005e+01
3.983111753444680048e+00
7.721580812774203650e+01
-2.175778941900111363e+01
8.602860386103685642e-01
-1.286978358966397984e+01
-4.982230386314910220e+01
2.754281853045565498e+01
5.097471498149764813e+01
-3.120241432867597808e+01
-4.023895210689941138e+01
-4.766231908911640502e+00
9.334872144303051300e+01
-6.872495976866875367e+01
-1.729802287875173405e+01
-2.264084998545363092e+01
1.340874089069211372e+01
-2.941065287394975769e+01
5.981358144599923321e+00
-5.223442059125407155e+01
-1.980405299866734481e+01
-4.548768880022699790e+01
-2.788605696647544541e+00
1.100120034331681573e+01
-5.341128492225379887e+01
1.885398484870136571e+01
7.645799089416819072e+01
-2.592214287692241470e+01
5.781518845544944440e+00
9.575148848926428968e+01
-1.914663986305942700e+01
-2.264150247951982919e+01
-4.823066097878663783e+01
-5.667180745389841690e+01
-2.894360204635160017e+01
-2.780535247066372051e+01
-4.675090847441772013e+01
-8.334494019916549234e+01
7.935245937914189085e+01
-7.729107309597832653e+00
-2.071749045361432451e+01
4.687863912262947252e+01
-8.574553066781155053e+01
-1.044692178200043386e+01
-7.925022554447819445e+00
1.008053203681803183e+02
-5.839816756642166240e+01
3.712824535827343198e+01
-2.199768411771834309e+01
-7.788034584402240057e+01
-9.405751436231696516e+00
-2.470031972984275725e+01
7.956042693730675808e+01
-1.421328937454552133e+00
4.926617440638113976e+01
-4.216462042531880172e+01
-1.211972784666071945e+00
2.724862883697791460e+01
-1.099214038235488999e+02
-5.498987963636961496e+01
-1.000732743794745545e+02
-7.795774877252183543e+00
-3.253612538318452607e+01
1.242605443338178439e+01
-2.041271530738201889e+01
1.143540965490688954e+01
-1.584249484282366538e+01
1.251386756181012849e+01
-1.007077368537183588e+02
-1.467886730910035276e+01
7.989419948589855380e-01
-7.017854247797137646e+01
-4.026865167574026572e+01
6.812559470237975745e+01
-1.475238954280088777e+01
-1.872128318447136763e+01
-4.088961788842222234e+01
-2.814149006424840849e+01
-7.029703793986364246e+01
4.647377888676166435e+01
-7.181740223406303869e+01
-1.584866328252966028e+00
-7.501608941723247881e+01
4.277238047280114586e+01
1.015295384241368879e+02
3.687960030235268505e+01
-6.681958683503818008e+01
-3.181616963221706840e+01
-4.679811291884089286e+01
-2.824338354101507242e+00
-8.096620257169061574e+01
3.837887319929303231e+01
4.398414079806165233e+01
-1.579790401017391943e+01
2.052713085239341595e+00
-5.117247932219592599e+01
-3.144446206417718059e+01
-7.130345354401883640e+01
1.853152948397323030e+01
-4.574816659494688054e+01
1.535780340827915147e+01
5.899500851686767078e+01
2.557076810095308161e+01
4.015690294306281771e+01
-3.806945090691500155e+01
1.521287672059125917e+01
-3.643312488849468167e+01
8.555422337278032785e+01
2.118394834740260535e+01
-9.474627950535225551e+00
-4.411358732619535772e+01
3.656704921543152409e+01
1.758068749220912252e+01
-1.139556343770566826e+01
-2.555619809681650878e+01
-3.332504464021424440e+01
-2.906643351878828696e+01
-1.031361737051229426e+02
7.979449095061852404e+01
-1.231131783530302926e+01
2.174517181637057917e+01
1.053346147891406162e+02
-6.072926326915291639e+01
4.476402077812938529e+01
-3.817866501710832949e+01
4.987455402033052110e+01
1.659686850503453570e+01
-3.294026910624402404e+01
5.113914016261028905e+01
6.222023978889964724e+01
6.178273235244413186e+00
6.260057810107281284e+01
-6.137861385170852202e+01
-5.401984559711111800e+00
-2.543310050281129264e+01
-5.372697995035008489e+01
-5.433630645793752478e+01
-5.040661650598295296e+01
5.139668405657554118e+00
-6.475694652828561715e+00
-3.826761225680015599e+01
-8.306434876187248051e+01
1.240130467978963651e+02
-4.160777962789013174e+01
4.100361949211559676e+01
-7.304165925844127116e+01
-9.034440203129548763e+00
-7.332267889052808130e+01
2.809356155871569882e+01
-7.621425099040634166e+01
5.742785030199873120e+01
1.005794740995840044e+02
-1.081686195901152558e-01
-1.173474702247825618e+01
-4.731748611659085668e+01
-6.928654166581409868e+01
4.541591927466598833e+01
-1.287928677642816808e+02
-1.152576845442062670e+01
1.247120028039107176e+01
-2.573334996529258945e+01
-2.893372849422168969e+01
-9.178710357383550900e+00
5.959998466866586853e+01
2.563183253374409531e+01
-6.335392734579522767e+01
6.838117247585466885e+01
-1.238109382203338349e+01
2.951393450816534880e+01
-8.217640127711167963e+01
-1.641739492876487461e+01
-7.503113667850724866e+00
-5.215277936873751230e+01
1.631281197069034761e+01
1.422528700647204936e+01
2.165125957838372273e+01
9.865713519595477976e+01
-5.465865166853014756e+01
-4.517585362576460284e+01
2.233562772649095507e+01
3.500250021875189788e+01
-4.919733970695358494e+01
-3.176062626086014973e+00
1.378126132701553708e+01
1.264916782552133689e+01
9.954983279252728323e+01
-1.236141483695293886e+01
-1.736826192173201377e+01
-3.626021175368651939e+01
-3.900977588171733146e+01
-1.119570665903888766e+02
2.262509697721640833e+01
2.793736948277887677e+01
3.602761592529564894e+01
-1.225053620933695342e+01
-6.809551875693935585e+01
-6.322793292821974376e+01
3.850500831317729222e+01
-3.852143144946890629e+01
-4.669516682018738862e+01
-4.177810733981532820e+01
-2.655109736597658099e+01
-6.739688859982383917e+01
-4.299635302267445525e+01
-7.044385664970084449e+00
-4.548920000674268493e+01
-3.335194387656085269e+01
2.090645869384542976e+01
-4.518102770560285819e+01
2.708160039422912746e+01
-5.690854841326292046e+00
-2.255972116878288247e+01
-8.301155104824587738e+00
-7.007942322875322816e+01
-2.844872510629585349e+01
4.057570505893762558e+00
-2.217118370454781484e+01
2.241984391424449541e+01
3.989746020583615049e+00
2.881152758513483292e-01
-3.138615854766171509e+01
-7.984046193086942367e+01
-8.880518791537596712e+01
4.808990454782482260e+01
3.789849043647329552e+01
3.992115389900042999e+01
-4.156495696327119305e+01
-1.254511420707340221e+02
-4.989013320481471681e+01
7.179964318133391998e+01
-5.056104894908462377e+00
-5.067362481276774844e+01
-1.127639706714743539e+01
-3.021490657868354646e+01
-5.333388837463384391e+01
-1.131380367849173396e+01
-2.423921012578198031e+01
-1.270548872554557107e+02
-4.740655427071328631e+01
-4.794799207914961414e+01
4.688068957141167203e+01
-1.417776321606705991e+01
-3.735186605765210288e+01
-1.860261325039002855e+01
-4.444544784810715754e+01
3.064504889363939810e+01
-2.477432127880009816e+01
1.282846048331579958e+01
-1.385948230927283120e+01
-4.795022275570710235e+01
7.072439463092150902e+01
-2.120363034860724127e+01
4.756498464882957933e+01
-4.975924235614942859e+01
3.462035941999460675e+01
-6.162393303881142970e+01
-6.326793158756233026e+01
1.202956601368086886e+01
1.024402388770062977e+01
3.564857714953125978e+00
3.111138378939675420e+01
-3.113114855792245095e+01
4.264768729496756450e+00
-2.587954124096110320e+01
-2.760885764289362498e+01
-4.881219328030029914e+01
-1.498139072368914348e+01
-3.842300872213506580e+01
-4.029573965356276943e+01
4.180550191436992691e+01
-4.720992726853084243e+00
2.676887801261162991e+00
-5.577642911714280416e+01
-1.946912312293492775e+01
6.773963977209566778e+00
-4.192898268042313248e+01
1.241110069868827459e+01
-1.726040046404991131e+02
6.028417476598930591e+01
-1.427073592058205165e+01
